BC,Type,Reads
GGGGTCGAAATGACCTTGACCTATTCTC,unknown,15
TGCGGAAGGATCATTAAAGAAATTTA,unknown,13
AGCACCTGATTCTACTAAAGTTGATG,unknown,12
CTGCCCTCATATCACCTGCGTTTCCGTT,unknown,12
GCAGTACCAATTATTTTCGCAGTACAA,unknown,8
CTTTCTCTTTTTTACCTCAACAGAGG,unknown,6
AGTCCATGATTCTGGGTTACTGGA,unknown,5
ACATAAAGCGTAAAATTCACTTTGCTT,unknown,4
TGGATATGGATTCTTCACGGTAACG,unknown,4
TACCTCTTCATATCTCTGAGCAGTAA,unknown,4
AGAGGAGTTAAGTGCCGCAGGCCGCGGC,unknown,3
ACATGAGAAACATGCGTCAGGGAAC,unknown,3
AAGCCTAAGAGGTTAAAGAAAATA,unknown,3
ATCAACGGCACTAACAATCAAACAGGC,unknown,3
AGGCTGTGAAACGAGTAGGTAGTCAAC,unknown,3
GAAGCAGCTCCCTTAGGGACCGCA,unknown,3
ATGTTGATTTTAACGTAGACGTCGA,unknown,3
AACAGCAAACTGAGTTGACTTTTTAAAA,unknown,3
AATATCCAGTACGGGTGGTACCAACAAC,unknown,3
GGAACCACAAATGCACCCGGGGCTTCA,unknown,3
AGAAATAGAACTAACTTGGAAGCTAC,unknown,3
TGCTATTAGATTTGTAAACCAAGA,unknown,3
TCTAATCATTCGCTTTACCTCATA,unknown,3
AACATGTGGCAACAGTTGCTGCTG,unknown,3
AATATCCAGTGTGAAACGCCAATT,unknown,3
ATGACCTTATCCTTGTTAAGTCGG,unknown,3
TGTTTGGTGGAACCTGATTAGAGG,unknown,3
AAAGTAAACCAAATTAGTATTACTA,unknown,3
TAACCATGACCGCCTAGGGTTTAG,unknown,2
AGGTACGGTCGTCAAACCAGTTCAA,unknown,2
GGGAAATAATTCAGCTGTCAAGAG,unknown,2
TTTGGGAGTCAAACTTTTACGTTCAC,unknown,2
TGCGGAAGGATCATTAAAGAAATGTA,unknown,2
GGAGGAGATTAAGTGGTCTTTAAAAAA,unknown,2
CGCTAATCCCATTATTCCAGATGA,unknown,2
TGTTCTGGAACCGTAATTGTGCGA,unknown,2
TCAACGATATTAGTTACGAAAGAACCCA,unknown,2
CTCTGTGACAGAGAGTACGGGAACA,unknown,2
AAAAAGCAAATGGCAAGTGTAATTTCCT,unknown,2
ACACCTGTCCTGCTTCTTTAACGGA,unknown,2
TGGTTATTTTGCGATGGGCGCCTCT,unknown,2
TCTACATGAGGTTGAGGTGCATCTAG,unknown,2
GACGCAGCAGTAACTGCATGAAAAG,unknown,2
CTCTCCTCTCTTGCTCTTTTTTAGTTGA,unknown,2
CAGTGTCCTTAATATCTGAAAGTCTTGT,unknown,2
AGCTGGCAGTATTCCCACAGGCTATA,unknown,2
ACCTAATGCTGCAGTGGCCCATTT,unknown,2
TTAAAGAATTCTGGTGTTAAATCT,unknown,2
AAAGACAATGAAAAATCTCATTAC,unknown,2
ATCGTCAACCCCCGGAACACGAAC,unknown,2
TAAGCGTGGTACTCAAAGAACTGGAGT,unknown,2
TTTAATCTAACTAAATGAGACGAGTT,unknown,2
GAGTTACGTATTAGGGCCCTGGCTA,unknown,2
ATATGTGTACTTTTTACCGGTAGA,unknown,2
AACGACGTGCCTATTGGTCAGAATT,unknown,2
GTACAATGGTACAACACCACTTCG,unknown,2
AGCCTAGCATAAAGAAAGGGATTGAA,unknown,2
ACAGCAGCGCCCACCAGCCCTAAC,unknown,2
AAACCGATTCTAAATTCACAATTC,unknown,2
TTTCATATTTTGCTTGATACCTAAGA,unknown,2
GACATTTGTACCTAAAAATGCACCAG,unknown,2
ATGCAACATTGAGTACCGTGAGCTTGGG,unknown,2
TTACATAGTGAAGTTTTGTGTTCAAATA,unknown,2
ATACTGGGCAGCAGGTTGAGCGGCG,unknown,2
ATGACTAGGAAAGGGCCGATGTCTTTCT,unknown,2
AGCAATCTCTTCAAACTGGATTCC,unknown,2
TGGTATATAAAATCTATTATTAATG,unknown,2
TGGTGAGAATAATCGTGATGCCATAA,unknown,2
ATTGTGGTCGTCAATTATTATATCTA,unknown,2
CATGATACAGCCTAGCAAGTTTGA,unknown,2
AAGGTCCTGTCTCGAATTTGCTTGGCC,unknown,2
ACCAAACACTCCAGAACAAATCGC,unknown,2
TCTATACCAATGTAGAATGCCCTGTTT,unknown,2
TCTCTTGCAGGTACCATTAATCTT,unknown,2
CTTGACGTAACTTTACCCATAGAA,unknown,2
ATAGACACTTCCTTAGAATCTGAAGGT,unknown,2
ATTAGCTACTAGGTCTCATAATACCA,unknown,2
AGAAAGGATGAACAAGAAAGAGGT,unknown,2
TGCTTTTTCAGAGACATTAAAATATATC,unknown,2
CGTAATCAAGTTGCCTTGGAGAAGACGG,unknown,2
ATTTGAAGGAAAGAATCGTTCTCCAG,unknown,2
ACCTTGGCGACAATAATCCTATTT,unknown,2
AGATAACGGAATTCCTAATCCAAT,unknown,2
AGTCTGTAGAATTCTCAACTCCCG,unknown,2
AACTGTCTCAATTTTCATAAAGAATCT,unknown,2
TTGCGTACTAATAATGAGATTTAATTTG,unknown,2
TATCAATATTTTACAAAATCACGGAAT,unknown,2
ACCAAGCAAAATAAGCTCACGTTCA,unknown,2
CCAAAGGCTTGGTATAAGTCGCTCTTCA,unknown,2
ATGTCATTTCGTAAAAGAGGTGAA,unknown,2
AGGACCCAATACTTCAGCTGGTCATCTA,unknown,2
CCCCCCCCATAAGTATGATTATAATT,unknown,2
CTGCCCTCATATCCCCTGCGTTTCCGTT,unknown,2
GCTATTGTATAAATAAATAAATAAATAA,unknown,2
TATTTCCACCACAGAATCGAAGCAAC,unknown,2
GACAGCTGGCAAACCGACTGGGACACCA,unknown,2
GCCCCACGGGGCGGGCCGGACTATT,unknown,2
CATTTCTTTCGCAGCGTTGTCCCT,unknown,2
AATGTTCTTCTTGATTTCGCAGCA,unknown,2
ACAACATGTTAATCTCCACATCATTTT,unknown,2
AACAACAATCAAGATGAATCTGATTTTC,unknown,2
TTCAAAAGCTTGTGCATCCTGAGGA,unknown,2
GGGAAAAGCATCACCACCCATACCA,unknown,2
ATATCATCGCCGTTCTTATGCAGAA,unknown,2
TGTAATTTAAAAAATAAAATAATTGGGA,unknown,2
TCTTCTGATGGTATATCAGTATGTGG,unknown,2
ATATTATCTGCTTTCAATATATCCAC,unknown,1
AGGTTTTGCTTGTATAATCCAAGTACC,unknown,1
TATCAGGCCGCTGATGAGACCTATGGAT,unknown,1
ATTAACCTCATTATTTGAAATTTTCC,unknown,1
ACGCACCTCCGCAGCAGCGGAAGCGC,unknown,1
TCTTCTGATGGTGTATCAGTATGTGG,unknown,1
TGTCTGATAAGCCATGGAAGCATTG,unknown,1
GATGTCCAACAAGTTTCTTTGGTTAT,unknown,1
ACACGTATAAAAAGTTGGTTCGTAGA,unknown,1
GTTAGCATTCTCCATCTGAGGTATAA,unknown,1
ACAGTAGAATCGAAGTTGCGCCTTTATC,unknown,1
GTGTACCAACTCCTCAACAACAGCAAC,unknown,1
TTACTGGAATTGGGTGTTTCGCCCATC,unknown,1
TCCAGCCAGCAAGAGCGCAACAGACT,unknown,1
ATCAAAAATCAAAAAAATTATGAACT,unknown,1
ATTGGTTCGGATACCACTTCCGTCCCTG,unknown,1
TGTATGGCGTTGAATGATATAGTTCTG,unknown,1
TACTGGGTACCCACATGATCACAGGA,unknown,1
GTGCACCAAAAGAAGTTGATGCCGAC,unknown,1
AACTTTTGGAATAGCGTGGGGTTGCCA,unknown,1
CATACACCTACAAAAGTTATCAAC,unknown,1
TTGAATATACATAGTGTTTCATTCCT,unknown,1
TTGAACGGGGAGGGTTCTTACGAA,unknown,1
CTTGGGATCGTCTGAAACAGGAAGGTCA,unknown,1
AAGAACCATCAGTATCCATGCTGTGGTG,unknown,1
CACCGAATACGGAACACAGTGTTTT,unknown,1
AATATCCAGTACGGGTGGTACCAATAAT,unknown,1
GCCAAATACAACAAAGGCATTCCCGC,unknown,1
GGACACCCCTGCGAATGGCTAACAAA,unknown,1
GGGGTCGAAATGGCCTTGACCTATTCTC,unknown,1
AACTCTAACGCAAAATTAGATTGC,unknown,1
GTTTCTCCTACGGCCAAGACTTGG,unknown,1
GCCGCGTGTTCAGCGTGACTCTCT,unknown,1
GAAGGAGGAGTTCCATTTCCTTGGG,unknown,1
AGTACCGTTTAAGAGAAGCTTGATAGA,unknown,1
GGAGAGATACGACGGGCGATTTTTCTG,unknown,1
AATGTTGCAAACTTAGATCATGTTGGTG,unknown,1
TGAGAGCAATAAAAATTCCGACAGTA,unknown,1
GAGATTTTCAATCCTATAAGAATTACCT,unknown,1
GTGCCCGAGCAAGAAAACGACGAAAGCG,unknown,1
TCACTCGTGCTGCCGCATATTTGCTC,unknown,1
ATTGTAGCAAGTAAGGAATATGTGATTC,unknown,1
AGATGCATGCTCGAAATACATAAT,unknown,1
AACCGTATCAGAGTCACCACGGTCGC,unknown,1
ATTAAGGGTGTCGAATATTTTGAAGTT,unknown,1
TAATGACTTTAGACGGATTCGCAAAAGC,unknown,1
TTATCATGCTGAAAGAGCTTTTTG,unknown,1
CGATCAGCTGGCTCATCGTTATTCTAAA,unknown,1
TTTTTTGGACTATTATCCCTATCATG,unknown,1
ACTGCAGCGCCCACCAGCCCTAAC,unknown,1
ACTAACGCTGTTGATGCAGCATTGGGCA,unknown,1
AATAAACTTACTATATTATGACAT,unknown,1
TCATCGCATTCAACCTTGTTCGGACG,unknown,1
ATTATTATTATATAGTTTTGTTAGTTT,unknown,1
ACGTGAGCTCTCTTTGAGCCAAAC,unknown,1
TATAATATTCGCCGCCCATATTCCCA,unknown,1
ATGGAACACCAGTGATAACTCTGG,unknown,1
AACGGTGAAATTTTTATTTGGGACATGA,unknown,1
TCCATCGGTAAATTATCACTAAAG,unknown,1
TAGGTTTAATGGACGTAACTTTAA,unknown,1
ATAGTACCGATATCAACATCACAAACCA,unknown,1
GATTTTAGAAGCTATCGTCCTATCAA,unknown,1
ATTTGAAAAAAAGAATCGTTTTCCAG,unknown,1
TGTTTGGTGGAATCTGATTTGAGG,unknown,1
ACCTACAGAATGACTACGCTGATGCG,unknown,1
ATATATCTGCTTTCTCATTATACCC,unknown,1
AGTGGAAGTAAGATAGTAGTTAAACAAA,unknown,1
AATCCAGTGGCTTTTTTTCTTGAGCAAA,unknown,1
GTTGGGATGAAATCGGATTCACTTTTCA,unknown,1
GACAATCATGATAATAAGTTCCATACC,unknown,1
GCCTTGTGCGATGTGATATGACCA,unknown,1
TCTTTGTATTCTTCCAGCGCCTGCTT,unknown,1
TTCACTCTTCTGAATTGAAAGGTGGTTT,unknown,1
AAGGCTTTCAAGATAGAGCATTACTTGG,unknown,1
ATATACGTTCATGTCCGCTATACCAA,unknown,1
TATTGTTGGTACTGAGAGTTTAGATGTT,unknown,1
CCATACACGCCAGGTATCCGAATGAATG,unknown,1
AGTTCTATGGCTGTTGGTTTCTATGTGG,unknown,1
GGTACTTTCACCTCTACATCCACTGAG,unknown,1
ATCTGTATCCGACGTTGAAAGTAAG,unknown,1
TAAATTGTGAAATCAACTCCATTTAAA,unknown,1
ACCAAACCAGTAAAACAGCTAAAGG,unknown,1
TCTACCTAACGCTTTATAATTATTA,unknown,1
ACTCCTATCGGCTTTCAGATAATC,unknown,1
ATCACATGCAACCATTTCTCCAAACG,unknown,1
GCCACACTAGCTATGGACAATTTAGTCG,unknown,1
TCTAGGCTTGAAAATTTGGTTTTGAAT,unknown,1
CACTATGCAAATCTAGCGTGGTAA,unknown,1
GACTTGGTCATATTATGCTCAAGTAA,unknown,1
ATTATACTTGTGAGGGGACCTAGTGTGG,unknown,1
GCTGTGTTGTGTTTAACAGGTTTG,unknown,1
TGGTCATAACTATCCATTTTGAAC,unknown,1
TATTCCGCTCTCAAAGAAAGCAATTG,unknown,1
GAAGCTCCTCTCATTATCCAAACTGCA,unknown,1
TGGGGCACCTCGTGGACCTTCATATCTG,unknown,1
AGTGTTATCACTAAGTATATCTTTTAGT,unknown,1
GCCGGAATTAACCTCCCTTACTCGTA,unknown,1
AGGTGTGAAGCCAAGTTCAACATTAG,unknown,1
AATGAATCAGAACCTCGCGGATATCTG,unknown,1
AGTCATTCCTCTCAAGAGACTCAA,unknown,1
ATTCCTCTAAATAAAGTGTATACA,unknown,1
CAGTATTTGAACTCTAAGGATGTCC,unknown,1
GTGGCTCATTATCTAACCCATGAAATGG,unknown,1
ATCAGCAGGGCTACAATCAGCAGGGAT,unknown,1
TTTGCCGCCGAACCCTTTCGACAACCT,unknown,1
TCCCGGTATTTTCACCGCCACTCCACCT,unknown,1
CAATCTGAAGATTCCGTAGCGTGCTTG,unknown,1
TTTTGCTCGAAACCTGTTTCTTCTTA,unknown,1
TTGTCTTCGGAAAGGTGGTCGTTCAA,unknown,1
CAACCCAGTAACCCAGACTTCGGAG,unknown,1
ATCGAGAATCGCACGCGGATCTAGCATT,unknown,1
GAAATGGTTGGTACCGTTGAATCAG,unknown,1
TCGCTCAACCACTTTACCATCTTTA,unknown,1
GGCTCCCGTGGCCGGGCCCCGGAACT,unknown,1
GGCATAACTATTTGTTTTTTTTGC,unknown,1
TTCTTGTGCGAAAGTTGGCACTGC,unknown,1
CTTAACCACTCGGCCATAGTGCCCAAA,unknown,1
CCAAAAGAAGCATCATTCAAATGGTCGA,unknown,1
ACAACTAACAACCCAACAAACGGCACTA,unknown,1
TGTGTTTCTTTCTATCAGTTAATG,unknown,1
AAACCATCGGTCGAACACGTCATACCAT,unknown,1
TGTAAGTAAAAGAGCGGGTATCAAA,unknown,1
GGAATCCCTAGTAACCTCATCCTCCGAA,unknown,1
TACTGTACCGACAAAAAACCAGCTGCC,unknown,1
AGAACGCAAACGCACTTACGTTTGTC,unknown,1
AAAGCTGCTTACGAAAGGGCTCAG,unknown,1
TCTTTCTGTACCTCCATCGCCAGC,unknown,1
GACGTTTGAGAACTAAATCTTTCAGCA,unknown,1
AAGAACGAGGACAATAACGAAGACGCT,unknown,1
TCTACGTGAGGTTGAGGTGCATCTAG,unknown,1
TTACAATTGCACGTAGAGACTAGT,unknown,1
TTTGACATAAGTGATGTTCGACATACCT,unknown,1
TATATATATCAACAAGTGCTTTTATC,unknown,1
TGGCCAATGTCAATAAGCGAAACACCTC,unknown,1
ACATTATGTTCAATCAATATATCTT,unknown,1
TGAAGAAATCTGAAATTGCAGCATC,unknown,1
CTCATCGTTGACCCCTAATCCTGCTG,unknown,1
CGGCTTTCAATATTATCGTGCGAAGC,unknown,1
TACATACAGTGTCGGGGAAAAATAGACA,unknown,1
GTATTCTTATCTTCAAGGTACCACAGT,unknown,1
TTCGTATCATAGGCGTATCGTGTAGC,unknown,1
TAGCTATTGGATAACTGTATACTATA,unknown,1
TCAAGCCATTTAATGAACGTTCGAAGAA,unknown,1
AGCACGACTTTGCACCACCAACGCGTCA,unknown,1
AAGGTTATTTCCCTCTTCAAGCCAGC,unknown,1
AAGGTTATTTCACTCTTCAAGCCAGC,unknown,1
AGTTTGATAGTTTAGTGGATATGTTT,unknown,1
ATTCGAAATCATATATCGATTATTTG,unknown,1
TCGAATTCCCCAGTTCTGTGCAGGTCC,unknown,1
ATAATTACAACTTTTCGAATTGGTT,unknown,1
ACAATTGATGTTTTATCTTCTTTATTC,unknown,1
GTATCATGTCAGGATTGGTAAAAA,unknown,1
TGTAACTAGATCAAAAAAATCCGGT,unknown,1
ACATTGATAAACAACATATATAAAGT,unknown,1
AGCCTAGCCCGCTTGCGGTGTTCCGGC,unknown,1
GTCAGAATATTTCTCCTTCCTTTCAA,unknown,1
AGTGAGATGAATAAAATGATTAAAAATC,unknown,1
ACAGATGCTAAAATCAAAGGGCGGGTTT,unknown,1
CATGTTTCTGATTCAAAGGCAGTGAAAA,unknown,1
AAACACCAATTAACACGAACGTAGCG,unknown,1
GTCTGGTAATTCCAAAGAATAAAAGAA,unknown,1
CTGCCCCCATATCACCTGCGTTTCCGTT,unknown,1
TTAGACGACGCTAAGCAGGCATTT,unknown,1
AATCACGCAGCTTCATTACAGGGCT,unknown,1
AATGATGAAGATATTTCGCATATAGCTA,unknown,1
ATTTCTATGAGCTGTTTTTCGTGCTGT,unknown,1
TTATACTGTGCAGGGTTTCAACCTGC,unknown,1
CACTCTGTGATGGTGGAGCACATTAATT,unknown,1
TCCCAAATCACCCTCATCATCTCATACG,unknown,1
CAGAGCTTTCATCATTTTTATAATA,unknown,1
ACCTCCAAAGTTGGGATCTCTTAGGGGA,unknown,1
ATGCTGTGAAAGATAAGGATGGCGAC,unknown,1
CATTGAGTATGGGAAGCTCGTTTCAA,unknown,1
ATACCTACAATGTAACCAATCATGA,unknown,1
CCTGTCATATCCTTGCAATTCTAAA,unknown,1
ACCAATTTCAAGGAGATCAACAAATAGT,unknown,1
GATGAGATGAGTGAGACGAGCATAAACT,unknown,1
ACAAATCCCACACCTACCATCACA,unknown,1
CCCGTACTGGATATTGGTACGTTTGT,unknown,1
ATCGTGAGAACCCGAGCATAATAT,unknown,1
CTTACGGCGGTATGGAGTCTCCGAAT,unknown,1
TTCGAAGTTCACCAGACGGGATGCTC,unknown,1
ATGGCCTGATCTTTCCATTGTAAA,unknown,1
AAAAACGCATCTTTTGCGGCGATCAA,unknown,1
CTTTCCGGATCCTGTCGAGTACATTT,unknown,1
TTCTTCTGATGGTATATCAGTATGTGGA,unknown,1
CAAGTTCTTGAAGATCTTTACGTTTTT,unknown,1
TCCTCATCATCGGCAAACTCTTCATC,unknown,1
GAAGTGGTCTTACCTATACCTGGC,unknown,1
GAGCTCGAAGCAAGTAAAGTTTCACACT,unknown,1
CAGCATCCTGTGCTTCGTGTGCTCTA,unknown,1
ATAATTCGGACAGTTCCAGTTTAG,unknown,1
GATGAGATGAGTGAGACGAGCATAAA,unknown,1
ATCAAGCTCCTAGAGACAGAACAG,unknown,1
CATCAGGGTCGTTTCCTCGGATGG,unknown,1
ACATGCTAATACATGAGAATTACAA,unknown,1
GAGAAGGGCTGCTCCCAAGGATTGATAG,unknown,1
AGAAGGCAAAGAGGTTCCAAAAGAAC,unknown,1
ATCAAGAAGTATGCACTGATACCG,unknown,1
TGAACAGATGGTGGACAGCTTATG,unknown,1
AAGACCAATGCAAGTTGATTTCTCCA,unknown,1
GGCATAACTAGTAACATAATCATCTGAA,unknown,1
ACCAACCACTCCAGAACAAATCGC,unknown,1
AGCGAAACAAAGATGCTTGAAAAAACAA,unknown,1
TATACCTAATTAGGAAATGTAATTTA,unknown,1
TAATGACTTTAGACGGATTCGCAAAATC,unknown,1
CATTATGAATCCATTGTAAGCTCTTCC,unknown,1
TTGGAAGACAATGTAAAACTTTTAGATG,unknown,1
TTTTTGATACTTTCTTTTTATGAGA,unknown,1
GGTCATAAAATTTCGATTATCGCC,unknown,1
TATTCCGCTCTCAAAGAAACCAATTG,unknown,1
GCAATATCCACACAAAAGGAAGGAAG,unknown,1
TCACCACCAGCCGTAACAAAAGTACCAT,unknown,1
GCATTTCTTGAAACTTCACACTGACC,unknown,1
ATACCATTTTTCAGCTGAATCTGTTACT,unknown,1
GCTGACATCTCGGGATTCTTCTCTTGT,unknown,1
TCAAAATCCGACTATAAATCCCCCC,unknown,1
TGGACAGCACTACAAGGCGGCAAAAA,unknown,1
CAGGGCTGGAAATTAACTGAAAGGC,unknown,1
GGGGTCGAAATGACCTTGACCTATACTC,unknown,1
TGGGTAAGGATCAGTAAAGAAATTTA,unknown,1
ACTGTGTTCTAGGATTGATGTTTC,unknown,1
AGGCTAACGAAGATAAAAACGCGTGATA,unknown,1
GCTATTTGGGTTAACCAATATAGT,unknown,1
TTTTGTTCCAACCGCTGTCTGGGTTG,unknown,1
TCATGCTGCTTTTTTCGCTGTTATTG,unknown,1
GTACATAGTGAAGTTTTGTGTTCAAATA,unknown,1
AATGTCGGTACGCCCCTGCACAGG,unknown,1
CATGTAGTATAATTGGTACCTATATC,unknown,1
ATTCTTTGCCGTTGCTATTGTTATTTTG,unknown,1
ATTGATGGCAATTAGTGCACAGCCATC,unknown,1
CCCATTTGCAAGTCAATAAGTTCGTCT,unknown,1
AAAGATATGTATGCAAAGTGATTCTAT,unknown,1
AGCGGACCCCACAGTTTTAAGCCT,unknown,1
GTTGGCTAAATATGAAGCAGCAGCTTC,unknown,1
TAGTAATATCGATAACGTCAAAACTTTA,unknown,1
TTCTAGAAACACGAAAAGCCAACAAG,unknown,1
GCACCAAGTGGCGTAGAAATCTACG,unknown,1
AAGCCATGGCAAGGAAGATTGCCCG,unknown,1
TGTCATGAGGTCAGCATCGCAACAA,unknown,1
AGTTCCCAAAAAAACCACTCATTCGC,unknown,1
AGTCGCTGCAGCAATTAACCGGTG,unknown,1
GAAAAGATCAAAACCTTCCTCTAA,unknown,1
TTAGGGGGTATTGTACACTAAAAACTAA,unknown,1
AATATCAATGAGATAGGACACGTTAACC,unknown,1
AATAATGTTTAGATAATTTTTCAGTA,unknown,1
AACATACTTATCAAAGAGAAGCATTTGA,unknown,1
ATCCTTGAATAGATAATCTGTGCTT,unknown,1
TGGTGGTGCGACAAATTATTAATAAC,unknown,1
AAAAGACTACTATCTTCATGGGTT,unknown,1
CATAATTCCTCATGGTCCATTTCTGA,unknown,1
TTTAAAGGAAGTTTTGGCATGCCTTG,unknown,1
ATATCTACCAAAGATCTTTTTCAATT,unknown,1
GAACCATTAAAGGTTGGACAAGTT,unknown,1
TATAAGGAACAGGGATATCACGTAATGG,unknown,1
GTCAGGGAAACTAGTGAGTGCCTTTG,unknown,1
TTCGTATCATAGGCAGATCGTTTAGC,unknown,1
TCCTCTGAAACAACGATCTCTTGAACAA,unknown,1
TGCTAGTAGATTTGTACGCCAAGG,unknown,1
GATAATCTGGTTCAAGTTATGATTCTTT,unknown,1
TTTCTAGAGGTCAAGGGCCCATAA,unknown,1
AAAAGTAACGACCAGTTGAGTGACTATT,unknown,1
CAGTTCCTTCCTCTTTTGCAAATC,unknown,1
ACCCATAGAATCCTCAACCATATACGCA,unknown,1
AATCATGCTTAGTACGAAGATATCATAG,unknown,1
GGTTCTGACGGAATGAACCCGTTCAGT,unknown,1
AACTTGCGCAACATGAGCGCACGGGCC,unknown,1
AACGGCACGTTCAGTCTCTTTATTA,unknown,1
GTCCATTAATATAGGCACTGTCCT,unknown,1
TTCCTATTGTCATGGTTTCATGCCGTG,unknown,1
TTGGCAACCTTATTTGATAAATGTGT,unknown,1
GTGTTACGGTTATTGTTATCAGTGTT,unknown,1
ACCGTAACAGGCATTAAGCGTGTCA,unknown,1
GCGGTACCCTCGTGTTATCTGCAGCG,unknown,1
CACTCTGTGATGGTGGGGCCCATGAATT,unknown,1
GGGGTCGGAATGACCTTGACCTATTCTC,unknown,1
ACACGTTGGGAAACCTGATTCGTGC,unknown,1
TAGCTTGCTATATGGATGTTATAAGCTA,unknown,1
GCCCGCAACGGATGAAACCAAGGATGTT,unknown,1
TGGATAAATAGTTCAAGTGATTTAGAAA,unknown,1
ACACGTATAAAAAGTTTGTTCCTAGA,unknown,1
TCACTGGTACTGTCTTAATATGCTTT,unknown,1
AACTATATGTTAACTCTGATAGAAAG,unknown,1
TAACAGAAATTGGTGAAGAGGGTA,unknown,1
GGGGTCGAAATGACCTTGACCGATTCTC,unknown,1
GAGTTACGGATTAGGGCCCTGGCTA,unknown,1
ACTATATCTCCACCACAACCCGAAATCG,unknown,1
TAGGCAAAACATGATTAAAAGATACA,unknown,1
AATTAATGCATATTTAAGACCACAGCTG,unknown,1
GGATTGAGGACAAGATGATACTTAAAT,unknown,1
ATGTCTACGGATTACACATACTTC,unknown,1
TACGGCTACGGACAATGCTAACAGTA,unknown,1
ACGCCCAACGAAAATGGATAATCCTGTG,unknown,1
CACATCTGGGGCAACCACACCACCCTGG,unknown,1
CTCTGCACTGGGCATGCCAGTGTTCAT,unknown,1
TCCCAAATCACACTCATCATCTCATACG,unknown,1
AAACCGGCCTGCTGCGAAAGGCTGT,unknown,1
CACTCTGTGATGGTGGAGCCCATTAATT,unknown,1
GCAGTACCAATTATTTTCGCCGTACAA,unknown,1
TAGCCTAAAAGGAGCCATCACTATTA,unknown,1
GAGCATATTTCCTTTTTCCACTTACA,unknown,1
TAATGGAGCGTCATTAAAGTTGAA,unknown,1
AATGTGTCTGCCCTGTTTGTAGCCATG,unknown,1
AAAAAGGATTAGAAGAGAAAATTTTC,unknown,1
AATGCTTACATTAGATGGTAAATTT,unknown,1
AGACGCAGTGGCTTGGATTTGACC,unknown,1
ATCGATTAGTTGAACATAATTGCTTGGA,unknown,1
GAAATGGGTGGTACCATCGAATCAG,unknown,1
AGCATAAGAATTATCATATTCCGCACGC,unknown,1
AAAGTCTTCTTCCATCTTTAACTGGGC,unknown,1
AAGACGGTTTCTTTAAAACTTAAG,unknown,1
ATCACAGCCGATCTCGACTTCACCATG,unknown,1
GTGATGAGCCAAAGTAGACAAAGAGTTC,unknown,1
AACTTCTTCTTCATCAATTGAATAGTGG,unknown,1
AAGATTAATAGTGGGAAGAAAAAAAGC,unknown,1
TCCAGAGGTGTGCTACTGGCTTTAAG,unknown,1
TGAAAATTATCCTGGGCTGCCCGTG,unknown,1
GGTTATCCTTGAAATTGCGAAGAAAA,unknown,1
ATGTCCTTATCATTCCATTGTAAA,unknown,1
CTTTTCTTATCAACAACTTCAAACAACG,unknown,1
AAAGAATTTCAATAATAATAACAAAAGG,unknown,1
ACCTACAGAATGACTACTCTGATGCG,unknown,1
ACACGTATAAAAAGTTTGTTCGTAGA,unknown,1
TTGAGGACTTGGACTTCTCGAGTTCGAG,unknown,1
AACAAGCCCTGCTACTAATCGCACC,unknown,1
AACTATGGATTATTAATAGAGTAACGC,unknown,1
GAGAAGACCCAATCTGCCGGGCAAAGGT,unknown,1
AGATTTCAAATTTGCGCTTTTGCCGCT,unknown,1
TTCGTGCCACCACGCACGGGTGCAGGA,unknown,1
ACATTCAACACCACGATAAAAAAA,unknown,1
CTGGGCTTACACGCAGAAAACTGGAA,unknown,1
ATACATTATGCGATTTAAAGTTCTTA,unknown,1
AAGGCATGGCTGGGTCATTGGTGA,unknown,1
CCACCTCAAAACTTCAAGGTTATTTTGG,unknown,1
GTGATGGTAAGTGTGCAAAAACAA,unknown,1
TATAATATTCGCCGATTATATTCTCA,unknown,1
GCAGTACCAATTATTTGCGCAGTACAA,unknown,1
GTCAGGGAAACTATTGAGTGCCGTTT,unknown,1
TACCGGTATTTTCACCGCCACTCCACCT,unknown,1
ATTTGGAGGAAAGACTCGTTCTTCAG,unknown,1
TGTTTCAATTCATCGTATTTCAATGG,unknown,1
AATCGACCAATAACGTAGTTGATGTTG,unknown,1
AAGGTGTTGGCTCGTTCTGATATATA,unknown,1
TGTAAGCTACGAGGATATTTGCAGCA,unknown,1
GTGTTCACTGTGAGCTATTGCAGA,unknown,1
AGCTGTACCGCTTTACTTGACAGAAATA,unknown,1
CCTAAACACAGTGAATAAAGAGCAAGTA,unknown,1
GGGAGTATCGGTCTAAGAGAATCGAAAA,unknown,1
CCTTTTCGATATCATTTTCAAACAAACT,unknown,1
GGTGGTGGTCCGGTATCGAAATCTT,unknown,1
TTACAGCTATCTATAAAACGTTCA,unknown,1
TCTCGTTGAATCCTTACTCACGAGTA,unknown,1
TACCGGTATTTTCACCGCCCCTCCACCT,unknown,1
GAGTATTTAGAATCCACTCTTTTAAT,unknown,1
CTTGTAAAATCGATGGTGGAGACAAACA,unknown,1
ATTCCACAAAGAAGTGCCTCGCTAGGTG,unknown,1
AGATCGTAGTTTGCTCTTGATCTAACA,unknown,1
ATGTTTTCAGAGTAAAGCTGTTCTAAT,unknown,1
GTCAACCTAGGACACATCAGCAAG,unknown,1
CGATTGAGCCACTGTTGTCGTTGTGGT,unknown,1
GTGGCAACAGGCCTAGTGCCGGCA,unknown,1
TGTTGCTCTAATAAATCTTCCGGGATTT,unknown,1
TACCATTGATGAGTTGTCAAGTGGCATC,unknown,1
ATCCTGAAAGTCTTTTAAAGTCCATA,unknown,1
TCAATGGTGCAAGGTAGAAGCATTAG,unknown,1
ACTTTATATTATTCTGATAATCGAAAA,unknown,1
AGGGCAATATTCAAATATCAGAGT,unknown,1
ATTCCTTTTCAAATGCCCTCTTTGCGA,unknown,1
TGTTTTATCAAAAACAAAAGTAGTA,unknown,1
TTATCAGCTCCGCATTAAACTCTGT,unknown,1
ATAGATTGTAAATATGCAATTGGTAA,unknown,1
GACGGGCCTTCTAACGTATTCCCAT,unknown,1
CCACCTCACCACTGCAAGCGCAGATG,unknown,1
ACTCGTGCGAGGCAATTTCTCCGTC,unknown,1
TATCTTCAAACAAAAGCAGTTCAC,unknown,1
TGAGATGGCCCTTAAGGCGGCAAA,unknown,1
CATAATGTCCATGACTATTTGCTCAA,unknown,1
AAACAATAAGTGGAGCCCAGAGAG,unknown,1
AGATAACGGAATTCCTAATCCAAA,unknown,1
AGCTACAACAAAAGAATATATATT,unknown,1
TGTCTCGAATTTGCTTGGCCATTACT,unknown,1
AATCTTACCAACCCATTTGGAAAAAAAA,unknown,1
CAAATGGACTGATTGTGAGGGAGACC,unknown,1
TGCGTATGCGGCATCGACAATAGG,unknown,1
GAAATGGGTGGTACCATTGAATCAG,unknown,1
ATAGTTATTGGAAAAACAAAAGGT,unknown,1
ATGATCTGAAAAATTTTTCCTTCGCA,unknown,1
ACCTTGGCGACAATACTCCTATTT,unknown,1
TTGACCAGAGATTGATAGGAAGGGTGGA,unknown,1
TTTGGCTACACAGCACCAAGTTTTGAAC,unknown,1
TTTAAGTGTTCCTAAGGGTGATATGG,unknown,1
ATTAAAGACATGCTAAGAGATAGTG,unknown,1
ACTTTAAGTTTCTAAATTGTTTTCT,unknown,1
TCATATGACTTATCGCTACAAGATTT,unknown,1
ACAACGCTCAAAGAATTGTATTCCAA,unknown,1
AGTTTATTCCAACTTTGGAACGCA,unknown,1
GACCATTCATCGGAATTTCGGCACTGAT,unknown,1
CCGGTATCAGCAACCCCCCATGACG,unknown,1
GAAATGGGTGGTACCGTTGAATCAG,unknown,1
GGATCTAGCAACAAAGAGAATGCA,unknown,1
ACGGATTTCAATTTCTGTAACGCTCT,unknown,1
TCCTCCGAAGCTCGACTGCTATTCGC,unknown,1
GACTTACCTTTATCAACAGTATCGTTG,unknown,1
TCACTCCAGAAAAAAGCGTTTAAC,unknown,1
TTTCCAGTCGTCGAACGTGCCTGTCAGA,unknown,1
ACAGCGTGATCAGTATTTCCACTG,unknown,1
ATAGTCTACAAAAAAGTAAACCCGGCC,unknown,1
GACAATCTTGATAATAAGTTCCACACC,unknown,1
GGGCGAAGATCCTGCTCGAGTAAGATC,unknown,1
TCCCGGTTCTTTTGTCAATTTTTCGTT,unknown,1
AGCATAAGAATTATCATTTTCCGCACGC,unknown,1
ATCGTTACTATTTACGAAGTTTTC,unknown,1
CAAGTCAACCTGCACTTTCCACCTCA,unknown,1
TAAGCAGATATGTACTCTATAAGTTGA,unknown,1
TGCGGGAGGATCATTAAAGAAATTTA,unknown,1
GATCTCCATGATCCAGTAGCAGCAACGG,unknown,1
GCTGGCGCTGCTTCCATCTCCATGT,unknown,1
TTACTGTAAAACTGGGAAGGACCCA,unknown,1
ACACCAACTTTGGAACGTGGAATACC,unknown,1
TGCCATGTCTTAAAAGAGTACAATTT,unknown,1
ATTTCATAACATTTTGAGCTAATAGGAT,unknown,1
TAATACATTTATTTTATGTTTACTTTTT,unknown,1
GATGTTCAAAACTCAATGATGGGTA,unknown,1
AGTACTCAGAAGTGCCTATAAACTT,unknown,1
GTAGAGACAGGGCCCAAGCAGTAGAGAC,unknown,1
AGTGGCAGAAGCTGGCGAAGCATT,unknown,1
AAACTGAATACCAGTACTACCACGC,unknown,1
ACCGGTCTTCACCTCATTAGACTT,unknown,1
ATTAGTCCTACCCAATAAAACCTCAA,unknown,1
ACCGTTAACGATCAATAAGACAAT,unknown,1
GGCACGACTTTGCACCACCAACGCGTCA,unknown,1
TTCGTGACCACCGACTAATGGTAGCT,unknown,1
TAGCTAAGCGAACAACAGATAATAA,unknown,1
AACACTGCAACCTTCCAAAAGTTT,unknown,1
AACGACGGCAGATATGACAACGATTACG,unknown,1
AAGCCATATAAACACCAATGTTGGCG,unknown,1
CTGCCCTCATAGCACGTGCGTTTCCGTT,unknown,1
AATATGTCTGCGTCGCCGATTGTCC,unknown,1
TTTCGACCACAACGACAAAAAACTATCT,unknown,1
AAACTTGATGATAGCTGAAGCACC,unknown,1
TGCACGTCCCCCGTGCTCGGCCGCGTT,unknown,1
TTCCATGTCGTAAAAGAGTACAATGT,unknown,1
GAATAAGGTCATCACCAAGGAGGAT,unknown,1
GCATCTTCCACAGATGAGGCGTCCG,unknown,1
ATCATTATAAGCTGCAACTCGTGG,unknown,1
GGCATGTATTGTAGTATTCTTTTATTC,unknown,1
CCCGCTGGGTGAAAAAAAACAAAAAGTG,unknown,1
TGGAATTGCTGTTGGTCTTATCAA,unknown,1
TGTCGTTCAAATGTTGTGGTAGCTGA,unknown,1
CAACTAATAGCACGACTAAATCTA,unknown,1
AACGGTGAAATTTTTTTTTTGTTCATTA,unknown,1
ATCATCGATCGATTTTAGTATCCAATCG,unknown,1
CCTTAAGAATTGCTACCTTAGGAA,unknown,1
TGGATGGTCATTTCTTAACAAATCCCT,unknown,1
CAAAGCCTTAGCTCTAGCCAAAATG,unknown,1
CTTCAATCGATGCCTCTCCACCGGAAA,unknown,1
TTACTAAATCGTGGGTTGTGTATTTT,unknown,1
AACAGCAGTGCAAATGGAGCTGAAGCGC,unknown,1
ATTCTATACCAAATACTGTCGTTCTCGG,unknown,1
ATACCATTTTTTAGCAGAATCTGTTTCT,unknown,1
TCAGGATGATGTTATTGAAGAGCTAA,unknown,1
TGTTCATTATCGACCCGTGGTCGAA,unknown,1
ACAAAGGGGATTTGACATAGAGTTTG,unknown,1
CTTTCTTGCTATACGAGGTGGTCCG,unknown,1
TGAGCAACTGATTATGGTCAAAATGG,unknown,1
CTCAAAGTCTCCAGGACATATAGA,unknown,1
CAGACTTATGATAACCTCTAGGTCAGA,unknown,1
GGTTCTGCGTCTTCGTTAAATTCGGTCC,unknown,1
TACAAGTAATTACGTGTAATTCTG,unknown,1
ATGACATTACTTAAAGAAAACCCTTT,unknown,1
ATAAAATTGGCGTACTCGGTATTGTTT,unknown,1
ATGCCTACTTTTGTTTTATCCCCCTA,unknown,1
TGTGTTGACGAATTCCCTTGCTGTCA,unknown,1
ACCACCGGGAAATCGCTCTTCAAATGG,unknown,1
CAAGTCAACCTGCACTTGCCCCCTCA,unknown,1
ACATTTATCAGAAAGTCCTACATGAAAC,unknown,1
CTTTCATGATCCTGTCGAGTACATTT,unknown,1
TAAATGACCACCTTGACGAAAATAAA,unknown,1
AGAAAGCTCACTATCGTCGTTATTGCT,unknown,1
ATTTGAAGAAAAGAATCGTTTTCCAG,unknown,1
TATCAGGCCGCTGATTAGACCTATGGAT,unknown,1
AGGACTTCAGCTTTCTTTAGTTTGC,unknown,1
CATTAGCTTGAAACTGTAATTTATCA,unknown,1
AAGCCATGGAATGGAAGTCCCCCTG,unknown,1
ACCGATTTGTGAGTTCTGTTAATGAGAC,unknown,1
AGGGACCAAGGGCTACCGTCTCCGGAA,unknown,1
AAGTAACTAATTAACAATTGATAGATAT,unknown,1
GTGTAAAGGCAAATTTAGATAGATAATG,unknown,1
GGTGAGGCTAAGGGAATAAACTTTGAG,unknown,1
TATGATCACGGCTGCGTGCCGGGTA,unknown,1
TGATGCCGCCAAAAACTTCGATATCATG,unknown,1
ATGACCATCTATCGGACTGTAATTTTC,unknown,1
CGCATAAGTACGTGTAGCTGCCATTTT,unknown,1
ACACCAACTTTGGAAAGTGGAATACC,unknown,1
AGGTTCAGTTACGTTATGTGCAGCGT,unknown,1
TCACTCGTGTACGCCATGCAAGCT,unknown,1
CCAGTAGTAGTTATAACAGCTAAGA,unknown,1
ACCGTTTTGCAAAGCCACAGTATTAG,unknown,1
TAACAGAAATTGGTGAAAAGGGTA,unknown,1
AGGCTAACGAAGAGAAAAACGCGTGAAA,unknown,1
GCAGTACCAATTATTTGCGCGGTACAA,unknown,1
TGATGGCCTCAAAAAAATGCTTAGTGC,unknown,1
CCAATTAGGGCTATAAACGCATTAT,unknown,1
TGCTGGTTCCGACGAATCTTGGACCCAA,unknown,1
CCAAAATAGTGTGAGCCTCACCGAT,unknown,1
TCTAATTACCACTGTCAGTACAATT,unknown,1
TATTACAGCACCTCTACGTTATATCTCA,unknown,1
GGTTGATAATACGCAGGTGACGTTTG,unknown,1
AAGGTTGCAAGTTTTTTAGAAAAAGGA,unknown,1
CACTAGATAGACTGGACGTAGTGAT,unknown,1
GTGTAGATTACTGTTTCGAACGAGGA,unknown,1
TCAATAGAATTACCAGTATTACTTTG,unknown,1
CAGTTGAATTGACATTAGACAAGCT,unknown,1
AAGAGAGTCACAGGTCGCTGGATGG,unknown,1
CCCATCACCGGAAAACTCACATCAGG,unknown,1
AGAACTCAACCGCACTTCGTTATCC,unknown,1
TTCAGCGCCTGCCGTGATTGCAGCAC,unknown,1
AACTCTACATCGTTGGAAGCTTATAT,unknown,1
TGCGTGCTAGACTTGACCCGGTCAAA,unknown,1
CTGAGTGAGTGTATGAGAATGCTG,unknown,1
CTTTTCATAAAACACAAAAAAACAA,unknown,1
TAATGAGTTGCCGCATGCATTTTCGT,unknown,1
CCCCAAGATTGGTTTCCAAGTACAGACC,unknown,1
GTTATCCTTCGTCAACTGAACATC,unknown,1
ACAGCATCTCCAATAACGTCCACTA,unknown,1
ATTTTGATCATCGCATTAATCGCT,unknown,1
GGCAAAAGCGAGTAGCTGAAGCTCTGG,unknown,1
TGATCAAAATAATCAAGTCTGGAAACTT,unknown,1
TATTAGAACCGATCTTTGTTCCATCGTC,unknown,1
ACATATCTTAAACTTTGCTCTGAAGG,unknown,1
TTTTCAATGGTGGCTGTCTTTGTTCT,unknown,1
GGGAAGTTCAGTATCAATGGTATAGTCT,unknown,1
TTTTCAGCATGATTGATACGGACGAC,unknown,1
AGAAAAATGTCGTTAATAAGGTTTCT,unknown,1
AAGCATAAATTTGATAAATATGATAA,unknown,1
TATTCTACTTAGGTTTGGTGTCTTTAT,unknown,1
TAATATTATATTAACGCTGCTTCT,unknown,1
CCATGACTCCGTATTGAAACGCATCCAC,unknown,1
GATTGGTTTGAATTTAAATGATGCCAAC,unknown,1
AAGGCTATAACCCCTTTCTCTACC,unknown,1
AAGTCACGAAAAGTCTGAGGAAACCGTG,unknown,1
GCCTCCGAAATAATATATAGTGAAGAT,unknown,1
ACAGCAAAGGGTGTCCAGTGACGAAAAT,unknown,1
TGATGAGCTCGATTGCGCAGATGAT,unknown,1
GTATGTTATCAAGATACTTCTCAGGGCA,unknown,1
TGGCATCATGCATCGCATGGTGCGCGGT,unknown,1
TTGCATATGAGCCAAGGCACTTCT,unknown,1
ATGTCTAAGGAGTACATATACTTC,unknown,1
AAACCTCTTCCGATAAAAACATTC,unknown,1
AGACCGAAAAAAATCAATATTATT,unknown,1
GGTAGAAGAAAGATCAAATTGGAATG,unknown,1
